677.335535148 482.3056973597699
678.932349327 443.2433948124082
675.422471324 403.00952799209483
660.455549384 376.0955524804115
662.017963188 348.16641629271896
633.036148663 327.5625234258559
603.0681325 300.45366781166695
596.223127641 273.6478343515584
599.658273208 237.4781294873469
589.236245073 201.30519813307663
556.304359759 203.59605255011644
532.984733299 195.3338873150489
509.738865594 197.87826648361093
476.186736311 177.42423520458638
478.79773714 135.95969423271174
480.307444811 101.57465770329178
486.765860099 74.86579983530659
467.409622214 44.22859090139212
450.882469004 15.715788676856514
415.495782643 8.877066288569514
389.241294967 44.41676414614127
373.915916652 74.1433955911515
376.309912195 110.13212290953145
402.495441307 127.82497449300317
422.911882123 149.18310113359
441.292946814 172.25102403715601
431.086531293 220.11214848601293
414.080624368 249.95984525761554
416.696102165 288.76108113455126
434.379743884 322.12115027632456
422.447786641 370.276766815401
430.283641734 396.36517888103674
420.72052366 428.0675467615762
432.639167299 464.65303819129986
420.619400433 488.91025925233635
400.07180634 503.8045066364828
379.288650229 492.77134792188446
371.484349699 451.4966184587819
356.178655473 429.4844822862486
327.717144935 429.29573356321123
307.899455088 416.51160613930074
281.073602737 405.82279409408574
267.476982511 367.46656384766027
258.372977614 324.5627751552472
266.194796963 275.3662741209536
277.561757272 227.09922122728904
283.456458103 194.22337638813863
288.827634026 151.32278635406144
296.913372534 113.14252117205132
329.960752912 90.70016088359378
