0.003754151362810876
0.01634554083277484
0.0202212887420391
0.020754588831582432
0.0324941648217858
0.037337071231132835
0.04652916984403055
0.05374831421835258
0.0552646913290461
0.08042628322012813
0.08820351996381803
0.1178868107671438
0.12701058437397506
0.14464138449060804
0.168717183270914
0.1705539130176138
0.1764531766007591
0.20021557077985264
0.20241859138860896
0.2149370957319532
0.21503566749648972
0.22565939330850582
0.24599406934921209
0.25754541775765705
0.2605652189148988
0.26356804641287723
0.2738753519081074
0.2842814528565232
0.29499756403330235
0.2973865314599705
0.3080358645476926
0.30974594183536697
0.3167787255429946
0.31859106670768544
0.32009881159984566
0.3372033799435813
0.34880225937223375
0.35035680881691356
0.35042077848777087
0.3637345276809095
0.38000194932775233
0.3858439129702964
0.41959953125719784
0.4215347700676958
0.4290458488633232
0.4494889697099229
0.4529843197148682
0.4649616355025069
0.46780350850509
0.4764186513356401
0.482308644379394
0.483124509607164
0.4953184139617256
0.495760844829346
0.5009603639458657
0.5024531798979484
0.504726754467654
0.5296597563389459
0.5305361507248931
0.5791343883712079
0.5862596218220434
0.5969007270136719
0.6025531902081718
0.6052312559807554
0.6229880655681608
0.6395999347328635
0.6513546664505512
0.6764381485547677
0.6788317405348073
0.6818977875938148
0.697886884907466
0.7073421617451271
0.7123363316958564
0.715232750171158
0.7366395316872628
0.736760549477437
0.7443449691523343
0.756126970274849
0.7758394438971784
0.7833883900319604
0.8121615845365081
0.8268208430588984
0.8339708997775136
0.8450257834738035
0.8544115425964904
0.8603229412948383
0.8608823479711605
0.8613562058481116
0.8652522266302977
0.8653651928885567
0.9153738812092063
0.9167669541617622
0.9317440288775002
0.9320639206118544
0.945971979326711
0.9538789884418808
0.9548198765204262
0.9651898012516442
0.9834301102896293
0.9923106843187028
